# circuit n gates max_abs_diff (ADR-0003 F3, tolerance 1e-12)
0 7 40 4.441e-16
1 7 40 1.665e-16
2 2 40 4.441e-16
3 4 40 4.996e-16
4 1 40 6.106e-16
5 10 40 2.220e-16
6 5 40 4.996e-16
7 10 40 3.331e-16
8 6 40 3.331e-16
9 4 40 9.992e-16
10 8 40 8.327e-17
11 3 40 9.437e-16
12 12 40 2.220e-16
13 6 40 2.220e-16
14 12 40 2.220e-16
15 10 40 3.331e-16
16 2 40 5.551e-16
17 5 40 3.886e-16
18 3 40 5.551e-16
19 8 40 6.661e-16
20 7 40 2.776e-16
21 4 40 2.220e-16
22 4 40 4.441e-16
23 5 40 4.996e-16
24 2 40 5.551e-16
25 9 40 3.886e-16
26 1 40 1.332e-15
27 3 40 5.551e-16
28 12 40 1.388e-16
29 8 40 4.441e-16
30 3 40 8.882e-16
31 4 40 6.661e-16
32 2 40 9.992e-16
33 3 40 5.551e-16
34 4 40 3.886e-16
35 6 40 3.886e-16
36 8 40 5.551e-16
37 7 40 3.331e-16
38 4 40 2.220e-16
39 4 40 3.886e-16
40 5 40 1.110e-16
41 11 40 3.886e-16
42 6 40 2.776e-16
43 12 40 1.665e-16
44 7 40 1.110e-16
45 9 40 1.665e-16
46 7 40 1.665e-16
47 4 40 4.441e-16
48 7 40 3.331e-16
49 7 40 4.996e-16
50 5 40 9.437e-16
51 2 40 2.776e-16
52 1 40 4.996e-16
53 6 40 4.441e-16
54 7 40 3.053e-16
55 12 40 1.665e-16
56 8 40 3.886e-16
57 10 40 4.441e-16
58 9 40 2.220e-16
59 4 40 6.661e-16
60 11 40 1.110e-16
61 4 40 5.551e-16
62 1 40 8.882e-16
63 8 40 2.776e-16
64 4 40 3.331e-16
65 3 40 6.106e-16
66 11 40 2.776e-16
67 10 40 1.110e-16
68 12 40 9.714e-17
69 6 40 2.776e-16
70 11 40 2.220e-16
71 7 40 2.220e-16
72 8 40 2.220e-16
73 6 40 3.331e-16
74 7 40 5.551e-16
75 10 40 2.776e-16
76 1 40 1.110e-15
77 9 40 1.665e-16
78 8 40 1.110e-16
79 3 40 6.106e-16
80 12 40 1.665e-16
81 3 40 6.661e-16
82 11 40 3.331e-16
83 11 40 1.110e-16
84 9 40 3.886e-16
85 10 40 3.331e-16
86 1 40 7.772e-16
87 9 40 1.665e-16
88 2 40 2.220e-16
89 8 40 2.776e-16
90 6 40 1.665e-16
91 11 40 4.441e-16
92 10 40 2.498e-16
93 7 40 2.220e-16
94 8 40 2.220e-16
95 12 40 1.388e-16
96 8 40 3.608e-16
97 12 40 1.665e-16
98 2 40 3.886e-16
99 12 40 2.220e-16
100 7 40 2.220e-16
101 10 40 5.551e-16
102 7 40 4.441e-16
103 1 40 6.661e-16
104 5 40 2.220e-16
105 11 40 2.776e-16
106 11 40 3.331e-16
107 4 40 3.331e-16
108 4 40 6.661e-16
109 3 40 7.772e-16
110 8 40 3.331e-16
111 6 40 4.441e-16
112 3 40 3.331e-16
113 1 40 1.332e-15
114 11 40 2.220e-16
115 7 40 1.665e-16
116 3 40 9.992e-16
117 6 40 3.331e-16
118 5 40 3.608e-16
119 5 40 5.551e-17
120 4 40 4.441e-16
121 1 40 9.992e-16
122 11 40 2.498e-16
123 9 40 1.665e-16
124 12 40 3.886e-16
125 9 40 3.331e-16
126 1 40 3.331e-16
127 4 40 4.441e-16
128 9 40 4.441e-16
129 1 40 7.216e-16
130 9 40 2.220e-16
131 8 40 1.943e-16
132 1 40 4.441e-16
133 9 40 2.776e-16
134 12 40 1.110e-16
135 5 40 7.772e-16
136 6 40 4.996e-16
137 7 40 2.220e-16
138 2 40 5.551e-16
139 8 40 2.776e-16
140 12 40 3.886e-16
141 12 40 3.886e-16
142 7 40 3.886e-16
143 12 40 1.943e-16
144 6 40 2.220e-16
145 4 40 2.776e-16
146 5 40 3.331e-16
147 11 40 1.110e-16
148 5 40 3.053e-16
149 3 40 6.661e-16
150 6 40 6.661e-16
151 7 40 1.665e-16
152 1 40 6.661e-16
153 11 40 5.551e-16
154 4 40 3.886e-16
155 10 40 2.498e-16
156 3 40 4.441e-16
157 9 40 2.776e-16
158 3 40 5.551e-16
159 10 40 2.776e-16
160 8 40 4.441e-16
161 2 40 7.772e-16
162 9 40 2.220e-16
163 12 40 1.110e-16
164 9 40 2.776e-16
165 9 40 3.053e-16
166 8 40 2.776e-16
167 3 40 1.332e-15
168 8 40 3.331e-16
169 4 40 6.661e-16
170 2 40 4.996e-16
171 9 40 2.220e-16
172 1 40 1.221e-15
173 8 40 3.886e-16
174 5 40 8.882e-16
175 3 40 4.441e-16
176 8 40 2.220e-16
177 4 40 4.996e-16
178 10 40 1.943e-16
179 1 40 9.992e-16
180 12 40 2.220e-16
181 4 40 4.441e-16
182 4 40 3.331e-16
183 7 40 3.886e-16
184 9 40 3.331e-16
185 4 40 3.886e-16
186 2 40 3.331e-16
187 8 40 3.886e-16
188 12 40 2.776e-16
189 3 40 6.661e-16
190 3 40 7.772e-16
191 6 40 3.331e-16
192 4 40 5.551e-16
193 7 40 3.886e-16
194 10 40 3.053e-16
195 8 40 1.388e-16
196 2 40 7.772e-16
197 12 40 1.943e-16
198 12 40 3.886e-16
199 7 40 1.665e-16
# 200 circuits, 140510 amplitudes, worst 1.332e-15
