# circuit F_true F_bound(prod) F_rigorous truncations max_eps (ADR-0005)
0 0.976277401035 0.976277401035 0.976277401035 1 2.372e-2
1 0.718521697268 0.717801521335 0.170123969057 8 1.434e-1
2 0.463800660570 0.488549128918 0.000000000000 12 1.592e-1
3 0.313766492481 0.314993075970 0.000000000000 12 2.485e-1
4 0.458910980617 0.449326986655 0.000000000000 9 1.426e-1
5 0.137529633464 0.142725316096 0.000000000000 16 4.728e-1
6 0.479872605137 0.459779995498 0.000000000000 8 2.363e-1
7 0.707864056289 0.693453037364 0.035698238067 8 1.432e-1
8 0.490296347670 0.507835683830 0.000000000000 10 2.200e-1
9 0.164762201188 0.160319121447 0.000000000000 17 2.360e-1
10 0.239426695700 0.234026700568 0.000000000000 14 2.681e-1
11 0.374694389266 0.380708958117 0.000000000000 12 1.418e-1
12 0.530907902061 0.544018162949 0.000000000000 13 2.025e-1
13 0.502626243286 0.505966846863 0.000000000000 9 2.625e-1
14 0.500512376754 0.513698763744 0.000000000000 14 1.710e-1
15 0.318718484907 0.333708959004 0.000000000000 12 3.380e-1
16 0.522365253661 0.538997785376 0.000000000000 9 1.989e-1
17 0.544036118780 0.545201020904 0.013131101808 10 2.876e-1
18 0.480258229477 0.462684817977 0.000000000000 14 1.586e-1
19 0.463760595004 0.449611330023 0.000000000000 9 2.904e-1
20 0.368210211586 0.370122931923 0.000000000000 11 4.596e-1
21 0.512093445722 0.503930231025 0.000000000000 11 1.708e-1
22 0.281885338840 0.285797366549 0.000000000000 11 2.391e-1
23 0.292323510975 0.298434534001 0.000000000000 12 3.207e-1
24 0.188314564378 0.170821328822 0.000000000000 12 3.733e-1
25 0.378759423548 0.361440615873 0.000000000000 10 2.366e-1
26 0.395785803332 0.375041717772 0.000000000000 16 2.755e-1
27 0.397960290444 0.401215383539 0.000000000000 13 1.952e-1
28 0.463820133426 0.472856162794 0.000000000000 14 1.787e-1
29 0.336628780368 0.390204736308 0.000000000000 15 2.731e-1
30 0.233228914021 0.233937115339 0.000000000000 11 3.920e-1
31 0.077357123481 0.097175506392 0.000000000000 14 4.151e-1
32 0.263315350546 0.249433575260 0.000000000000 15 3.942e-1
33 0.404382050848 0.405933512815 0.000000000000 12 2.118e-1
34 0.509790503888 0.492405820844 0.000000000000 12 1.876e-1
35 0.411311300244 0.379952889626 0.000000000000 13 2.595e-1
36 0.281054213233 0.252203860797 0.000000000000 15 2.649e-1
37 0.579749277855 0.591075757274 0.016437482028 5 1.678e-1
38 0.162514023876 0.144472731053 0.000000000000 14 3.016e-1
39 0.340457810575 0.339851993863 0.000000000000 10 3.633e-1
40 0.552301866158 0.535909734683 0.000000000000 14 1.579e-1
41 0.249835941335 0.212866110512 0.000000000000 14 2.092e-1
42 0.687956539003 0.697840106456 0.067660731614 8 1.715e-1
43 0.732513597759 0.731996281802 0.275121248764 8 2.110e-1
44 0.690544398522 0.689634844479 0.006944703935 12 1.452e-1
45 0.089031229339 0.102423392692 0.000000000000 19 2.346e-1
46 0.274127296628 0.291185619889 0.000000000000 19 1.851e-1
47 0.404582756497 0.422831973332 0.000000000000 10 2.127e-1
48 0.570251118088 0.572128608614 0.000591858523 10 3.551e-1
49 0.511578285208 0.528867704398 0.000000000000 7 2.631e-1
50 0.467767712962 0.472942438997 0.000000000000 9 2.828e-1
51 0.400619334778 0.392445242231 0.000000000000 13 3.301e-1
52 0.377161143499 0.377484957353 0.000000000000 11 2.321e-1
53 0.104107547862 0.133693284386 0.000000000000 15 3.356e-1
54 0.616683675061 0.616682903491 0.106371629867 10 2.538e-1
55 0.178837751907 0.179880547532 0.000000000000 9 3.341e-1
56 0.271443002220 0.288925961433 0.000000000000 12 3.745e-1
57 0.433745503210 0.428899641891 0.000000000000 18 2.805e-1
58 0.231304703185 0.205811947124 0.000000000000 13 2.999e-1
59 0.489036138678 0.512786120258 0.000000000000 11 1.182e-1
60 0.755147053678 0.745401897384 0.010094953029 11 9.305e-2
61 0.513075941445 0.445769992717 0.000000000000 15 1.475e-1
62 0.425869566997 0.443507510885 0.000000000000 12 2.064e-1
63 0.293825257607 0.295827177564 0.000000000000 11 1.465e-1
64 0.371149980240 0.345491689367 0.000000000000 12 1.623e-1
65 0.258719363357 0.274235579193 0.000000000000 14 2.744e-1
66 0.342860902587 0.311761738222 0.000000000000 11 3.602e-1
67 0.506895794253 0.503116031560 0.000000000000 13 2.460e-1
68 0.486866936449 0.475541128124 0.000000000000 9 1.895e-1
69 0.279998661314 0.237134358154 0.000000000000 10 2.797e-1
70 0.424308703325 0.451670094028 0.000000000000 13 2.547e-1
71 0.916717760680 0.916842564152 0.722817645324 7 4.368e-2
72 0.555965710028 0.533110449855 0.000000000000 16 1.373e-1
73 0.429479820520 0.435167089308 0.000000000000 14 2.005e-1
74 0.598356195904 0.566591006875 0.000000000000 11 1.261e-1
75 0.419661313406 0.398944112791 0.000000000000 9 2.572e-1
76 0.480123280603 0.403619807125 0.000000000000 12 2.143e-1
77 0.253899342111 0.266527255505 0.000000000000 14 2.430e-1
78 0.326754304505 0.340940335525 0.000000000000 14 1.759e-1
79 0.357456885187 0.357269320987 0.000000000000 6 3.401e-1
80 0.294310196957 0.300080769953 0.000000000000 18 2.360e-1
81 0.678531367212 0.673750129311 0.000000000000 15 1.039e-1
82 0.309609464211 0.309703195652 0.000000000000 3 4.411e-1
83 0.118622132620 0.112944972339 0.000000000000 12 4.960e-1
84 0.378002868788 0.401144692595 0.000000000000 16 2.465e-1
85 0.486445268006 0.486463183387 0.000000000000 5 3.181e-1
86 0.563259493154 0.588398314034 0.000000000000 7 1.560e-1
87 0.055002991046 0.040655544469 0.000000000000 17 5.000e-1
88 0.210066540082 0.203399704266 0.000000000000 14 3.301e-1
89 0.252929126815 0.217162470907 0.000000000000 13 2.993e-1
90 0.098357337498 0.113662754873 0.000000000000 15 4.837e-1
91 0.219103957964 0.219103957964 0.000000000000 4 4.956e-1
92 0.524930505645 0.523662568793 0.000000000000 12 1.521e-1
93 0.179655469279 0.183743451624 0.000000000000 16 4.017e-1
94 0.167180836946 0.170255349925 0.000000000000 13 4.858e-1
95 0.194422380924 0.202367398292 0.000000000000 16 3.042e-1
96 0.661041163025 0.665448715329 0.004359441368 14 1.764e-1
97 0.310190375183 0.333292101917 0.000000000000 11 2.415e-1
98 0.509195063879 0.513396866832 0.000000000000 12 2.610e-1
99 0.123175943309 0.101166807195 0.000000000000 16 4.232e-1
# H1 truncated 100/100; H2 F < F_bound in 53; H3 applies to 13, F < F_rigorous in 0; min(F - F_bound) -5.358e-2; min(F - F_rigorous) 5.329e-15; min F 0.0550; min F_bound 0.0407
