# circuit n chi max|mps-qiskit| max|mps-sv| F_bound max_bond (ADR-0004 G1/G2)
0 7 16 6.661e-16 4.996e-16 1.000000000000000 4
1 7 16 2.220e-16 1.110e-16 1.000000000000000 2
2 2 2 4.441e-16 1.110e-16 1.000000000000000 2
3 4 4 8.327e-16 5.135e-16 1.000000000000000 4
4 1 2 6.106e-16 0.000e0 1.000000000000000 1
5 10 32 4.996e-16 3.886e-16 1.000000000000000 2
6 5 8 4.441e-16 1.665e-16 1.000000000000000 2
7 10 32 3.331e-16 1.110e-16 1.000000000000000 2
8 6 8 2.776e-16 6.106e-16 1.000000000000000 4
9 4 4 8.882e-16 4.441e-16 1.000000000000000 2
10 8 16 1.943e-16 2.498e-16 1.000000000000000 2
11 3 4 6.106e-16 3.331e-16 1.000000000000000 2
12 12 64 8.327e-17 1.665e-16 1.000000000000000 2
13 6 8 6.661e-16 4.441e-16 1.000000000000000 2
14 12 64 2.776e-16 8.327e-17 1.000000000000000 2
15 10 32 5.551e-17 3.331e-16 1.000000000000000 1
16 2 2 8.882e-16 3.331e-16 1.000000000000000 2
17 5 8 5.551e-16 2.220e-16 1.000000000000000 2
18 3 4 4.441e-16 2.220e-16 1.000000000000000 2
19 8 16 4.441e-16 2.220e-16 1.000000000000000 1
20 7 16 6.661e-16 3.886e-16 1.000000000000000 2
21 4 4 1.110e-15 8.882e-16 1.000000000000000 4
22 4 4 6.106e-16 2.220e-16 1.000000000000000 1
23 5 8 6.661e-16 2.776e-16 1.000000000000000 2
24 2 2 6.661e-16 2.776e-16 1.000000000000000 2
25 9 32 6.106e-16 2.776e-16 1.000000000000000 1
26 1 2 1.332e-15 0.000e0 1.000000000000000 1
27 3 4 4.718e-16 7.772e-16 1.000000000000000 2
28 12 64 2.776e-17 1.110e-16 1.000000000000000 4
29 8 16 3.886e-16 2.776e-16 1.000000000000000 2
30 3 4 9.437e-16 1.943e-16 1.000000000000000 2
31 4 4 7.216e-16 2.776e-16 1.000000000000000 2
32 2 2 1.554e-15 5.551e-16 1.000000000000000 2
33 3 4 6.661e-16 1.665e-16 1.000000000000000 2
34 4 4 9.992e-16 6.661e-16 1.000000000000000 4
35 6 8 3.886e-16 1.110e-16 1.000000000000000 1
36 8 16 4.441e-16 3.331e-16 1.000000000000000 2
37 7 16 6.661e-16 9.992e-16 1.000000000000000 4
38 4 4 1.443e-15 1.221e-15 1.000000000000000 4
39 4 4 4.996e-16 4.857e-16 1.000000000000000 2
40 5 8 3.331e-16 2.220e-16 1.000000000000000 2
41 11 64 1.110e-16 3.886e-16 1.000000000000000 4
42 6 8 2.220e-16 1.665e-16 1.000000000000000 2
43 12 64 3.886e-16 5.551e-16 1.000000000000000 2
44 7 16 1.110e-15 9.992e-16 1.000000000000000 2
45 9 32 1.110e-16 2.220e-16 1.000000000000000 1
46 7 16 1.943e-16 3.331e-16 1.000000000000000 1
47 4 4 3.886e-16 4.996e-16 1.000000000000000 4
48 7 16 1.221e-15 9.992e-16 1.000000000000000 2
49 7 16 3.886e-16 3.886e-16 1.000000000000000 2
50 5 8 1.832e-15 8.882e-16 1.000000000000000 4
51 2 2 2.220e-16 2.220e-16 1.000000000000000 2
52 1 2 4.996e-16 0.000e0 1.000000000000000 1
53 6 8 1.110e-15 7.772e-16 1.000000000000000 2
54 7 16 1.388e-16 1.665e-16 1.000000000000000 4
55 12 64 5.551e-17 1.665e-16 1.000000000000000 2
56 8 16 4.996e-16 2.220e-16 1.000000000000000 2
57 10 32 3.331e-16 1.110e-16 1.000000000000000 2
58 9 32 2.776e-16 4.996e-16 1.000000000000000 2
59 4 4 4.441e-16 2.776e-16 1.000000000000000 2
60 11 64 1.166e-15 1.277e-15 1.000000000000000 2
61 4 4 1.388e-16 6.106e-16 1.000000000000000 2
62 1 2 8.882e-16 0.000e0 1.000000000000000 1
63 8 16 1.110e-15 8.327e-16 1.000000000000000 1
64 4 4 4.441e-16 1.457e-16 1.000000000000000 2
65 3 4 5.551e-16 3.886e-16 1.000000000000000 2
66 11 64 3.886e-16 2.220e-16 1.000000000000000 4
67 10 32 1.388e-16 1.110e-16 1.000000000000000 1
68 12 64 1.110e-16 6.939e-17 1.000000000000000 2
69 6 8 9.992e-16 7.772e-16 1.000000000000000 2
70 11 64 9.194e-17 1.665e-16 1.000000000000000 2
71 7 16 6.661e-16 5.274e-16 1.000000000000000 4
72 8 16 5.551e-16 3.331e-16 1.000000000000000 1
73 6 8 3.886e-16 4.441e-16 1.000000000000000 2
74 7 16 1.887e-15 2.442e-15 1.000000000000000 2
75 10 32 1.110e-16 2.776e-16 1.000000000000000 4
76 1 2 1.110e-15 0.000e0 1.000000000000000 1
77 9 32 1.249e-16 1.665e-16 1.000000000000000 4
78 8 16 1.943e-16 2.220e-16 1.000000000000000 2
79 3 4 5.551e-16 3.331e-16 1.000000000000000 2
80 12 64 3.886e-16 2.220e-16 1.000000000000000 1
81 3 4 3.886e-16 8.882e-16 1.000000000000000 2
82 11 64 1.665e-16 3.331e-16 1.000000000000000 4
83 11 64 5.551e-16 6.384e-16 1.000000000000000 2
84 9 32 2.220e-16 2.776e-16 1.000000000000000 2
85 10 32 3.053e-16 2.082e-16 1.000000000000000 8
86 1 2 7.772e-16 0.000e0 1.000000000000000 1
87 9 32 4.996e-16 4.718e-16 1.000000000000000 2
88 2 2 4.441e-16 2.220e-16 1.000000000000000 2
89 8 16 8.327e-17 3.331e-16 1.000000000000000 4
90 6 8 3.331e-16 2.776e-16 1.000000000000000 4
91 11 64 4.441e-16 1.388e-16 1.000000000000000 1
92 10 32 7.216e-16 4.718e-16 1.000000000000000 2
93 7 16 3.886e-16 1.665e-16 1.000000000000000 2
94 8 16 1.665e-16 3.053e-16 1.000000000000000 2
95 12 64 6.939e-17 6.939e-17 1.000000000000000 1
96 8 16 3.331e-16 2.776e-16 1.000000000000000 4
97 12 64 3.886e-16 5.551e-16 1.000000000000000 4
98 2 2 3.331e-16 2.220e-16 1.000000000000000 2
99 12 64 9.714e-17 1.943e-16 1.000000000000000 2
100 7 16 4.441e-16 6.661e-16 1.000000000000000 4
101 10 32 6.106e-16 3.886e-16 1.000000000000000 2
102 7 16 4.441e-16 1.110e-16 1.000000000000000 1
103 1 2 6.661e-16 0.000e0 1.000000000000000 1
104 5 8 7.772e-16 9.992e-16 1.000000000000000 2
105 11 64 4.996e-16 2.220e-16 1.000000000000000 2
106 11 64 6.661e-16 9.992e-16 1.000000000000000 4
107 4 4 2.220e-16 4.996e-16 1.000000000000000 2
108 4 4 7.216e-16 3.331e-16 1.000000000000000 4
109 3 4 2.220e-16 6.106e-16 1.000000000000000 2
110 8 16 4.996e-16 1.665e-16 1.000000000000000 1
111 6 8 4.996e-16 1.110e-16 1.000000000000000 2
112 3 4 9.992e-16 7.772e-16 1.000000000000000 2
113 1 2 1.332e-15 0.000e0 1.000000000000000 1
114 11 64 2.498e-16 4.163e-16 1.000000000000000 2
115 7 16 4.441e-16 3.886e-16 1.000000000000000 8
116 3 4 9.992e-16 1.388e-16 1.000000000000000 2
117 6 8 3.886e-16 5.551e-16 1.000000000000000 2
118 5 8 2.498e-16 2.776e-16 1.000000000000000 2
119 5 8 9.437e-16 9.992e-16 1.000000000000000 2
120 4 4 5.551e-16 2.220e-16 1.000000000000000 2
121 1 2 9.992e-16 0.000e0 1.000000000000000 1
122 11 64 2.220e-16 1.388e-16 1.000000000000000 1
123 9 32 1.110e-16 1.110e-16 1.000000000000000 1
124 12 64 3.886e-16 1.665e-16 1.000000000000000 1
125 9 32 1.110e-16 2.776e-16 1.000000000000000 2
126 1 2 3.331e-16 0.000e0 1.000000000000000 1
127 4 4 4.441e-16 2.776e-16 1.000000000000000 4
128 9 32 1.166e-15 1.610e-15 1.000000000000000 1
129 1 2 7.216e-16 0.000e0 1.000000000000000 1
130 9 32 2.220e-16 1.665e-16 1.000000000000000 2
131 8 16 2.498e-16 1.388e-16 1.000000000000000 2
132 1 2 4.441e-16 0.000e0 1.000000000000000 1
133 9 32 3.331e-16 5.551e-17 1.000000000000000 2
134 12 64 4.996e-16 3.886e-16 1.000000000000000 4
135 5 8 1.221e-15 4.441e-16 1.000000000000000 2
136 6 8 1.665e-16 5.551e-16 1.000000000000000 2
137 7 16 1.110e-16 1.665e-16 1.000000000000000 2
138 2 2 8.327e-16 2.776e-16 1.000000000000000 2
139 8 16 1.110e-16 3.886e-16 1.000000000000000 2
140 12 64 3.053e-16 1.475e-16 1.000000000000000 2
141 12 64 3.331e-16 6.106e-16 1.000000000000000 1
142 7 16 8.327e-16 4.441e-16 1.000000000000000 2
143 12 64 4.718e-16 3.608e-16 1.000000000000000 2
144 6 8 5.551e-16 3.331e-16 1.000000000000000 1
145 4 4 1.943e-16 1.943e-16 1.000000000000000 2
146 5 8 4.441e-16 2.220e-16 1.000000000000000 4
147 11 64 1.665e-16 1.110e-16 1.000000000000000 1
148 5 8 5.829e-16 3.608e-16 1.000000000000000 2
149 3 4 4.441e-16 2.220e-16 1.000000000000000 2
150 6 8 5.551e-16 2.498e-16 1.000000000000000 2
151 7 16 4.441e-16 3.331e-16 1.000000000000000 2
152 1 2 6.661e-16 0.000e0 1.000000000000000 1
153 11 64 2.220e-16 3.331e-16 1.000000000000000 2
154 4 4 5.551e-16 1.665e-16 1.000000000000000 2
155 10 32 1.138e-15 1.027e-15 1.000000000000000 2
156 3 4 2.220e-16 4.441e-16 1.000000000000000 2
157 9 32 8.327e-17 2.776e-16 1.000000000000000 2
158 3 4 5.551e-16 1.665e-16 1.000000000000000 2
159 10 32 7.772e-16 5.551e-16 1.000000000000000 2
160 8 16 3.331e-16 1.110e-16 1.000000000000000 1
161 2 2 8.882e-16 2.220e-16 1.000000000000000 2
162 9 32 4.996e-16 3.331e-16 1.000000000000000 4
163 12 64 1.943e-16 1.110e-16 1.000000000000000 2
164 9 32 1.110e-16 1.665e-16 1.000000000000000 1
165 9 32 2.776e-16 1.388e-16 1.000000000000000 4
166 8 16 6.106e-16 3.331e-16 1.000000000000000 1
167 3 4 2.665e-15 1.332e-15 1.000000000000000 2
168 8 16 4.441e-16 2.220e-16 1.000000000000000 2
169 4 4 3.886e-16 3.331e-16 1.000000000000000 4
170 2 2 8.327e-17 5.551e-16 1.000000000000000 2
171 9 32 2.220e-16 1.388e-16 1.000000000000000 1
172 1 2 1.221e-15 0.000e0 1.000000000000000 1
173 8 16 1.665e-16 2.220e-16 1.000000000000000 2
174 5 8 1.769e-16 8.327e-16 1.000000000000000 2
175 3 4 4.441e-16 1.665e-16 1.000000000000000 2
176 8 16 2.220e-16 8.327e-17 1.000000000000000 2
177 4 4 9.437e-16 6.661e-16 1.000000000000000 3
178 10 32 2.498e-16 6.939e-17 1.000000000000000 4
179 1 2 9.992e-16 0.000e0 1.000000000000000 1
180 12 64 2.776e-16 5.551e-17 1.000000000000000 1
181 4 4 5.239e-16 4.961e-16 1.000000000000000 2
182 4 4 8.882e-16 5.551e-16 1.000000000000000 2
183 7 16 3.331e-16 3.331e-16 1.000000000000000 2
184 9 32 3.886e-16 1.665e-16 1.000000000000000 1
185 4 4 3.331e-16 2.220e-16 1.000000000000000 2
186 2 2 2.498e-16 4.441e-16 1.000000000000000 2
187 8 16 1.110e-16 2.776e-16 1.000000000000000 2
188 12 64 8.882e-16 6.661e-16 1.000000000000000 4
189 3 4 7.772e-16 1.110e-16 1.000000000000000 2
190 3 4 9.992e-16 2.220e-16 1.000000000000000 2
191 6 8 6.661e-16 9.437e-16 1.000000000000000 2
192 4 4 3.331e-16 6.106e-16 1.000000000000000 4
193 7 16 4.996e-16 8.327e-16 1.000000000000000 2
194 10 32 1.665e-16 2.220e-16 1.000000000000000 4
195 8 16 6.106e-16 4.996e-16 1.000000000000000 1
196 2 2 8.882e-16 1.665e-16 1.000000000000000 2
197 12 64 2.220e-16 1.388e-16 1.000000000000000 1
198 12 64 5.551e-16 1.665e-16 1.000000000000000 2
199 7 16 2.220e-16 3.331e-16 1.000000000000000 1
# worst G1 2.665e-15, worst G2 2.442e-15, min F_bound 1.000000000000000
