# circuit F_true F_bound(prod) F_rigorous(cos^2 sum theta) truncations (ADR-0004 G3)
0 1.000000000000 1.000000000000 1.000000000000 0
1 1.000000000000 1.000000000000 1.000000000000 0
2 1.000000000000 1.000000000000 1.000000000000 0
3 1.000000000000 1.000000000000 1.000000000000 0
4 1.000000000000 1.000000000000 1.000000000000 0
5 0.743138260097 0.743138260097 0.743138260097 1
6 1.000000000000 1.000000000000 1.000000000000 0
7 1.000000000000 1.000000000000 1.000000000000 0
8 1.000000000000 1.000000000000 1.000000000000 0
9 1.000000000000 1.000000000000 1.000000000000 0
10 0.975467795883 0.975467795883 0.954231552150 2
11 1.000000000000 1.000000000000 1.000000000000 0
12 1.000000000000 1.000000000000 1.000000000000 0
13 1.000000000000 1.000000000000 1.000000000000 0
14 1.000000000000 1.000000000000 1.000000000000 0
15 1.000000000000 1.000000000000 1.000000000000 0
16 1.000000000000 1.000000000000 1.000000000000 0
17 1.000000000000 1.000000000000 1.000000000000 0
18 1.000000000000 1.000000000000 1.000000000000 0
19 1.000000000000 1.000000000000 1.000000000000 0
20 1.000000000000 1.000000000000 1.000000000000 0
21 1.000000000000 1.000000000000 1.000000000000 0
22 1.000000000000 1.000000000000 1.000000000000 0
23 1.000000000000 1.000000000000 1.000000000000 0
24 1.000000000000 1.000000000000 1.000000000000 0
25 1.000000000000 1.000000000000 1.000000000000 0
26 1.000000000000 1.000000000000 1.000000000000 0
27 1.000000000000 1.000000000000 1.000000000000 0
28 1.000000000000 1.000000000000 1.000000000000 0
29 1.000000000000 1.000000000000 1.000000000000 0
30 1.000000000000 1.000000000000 1.000000000000 0
31 0.715024184313 0.715024184313 0.715024184313 1
32 1.000000000000 1.000000000000 1.000000000000 0
33 1.000000000000 1.000000000000 1.000000000000 0
34 1.000000000000 1.000000000000 1.000000000000 0
35 1.000000000000 1.000000000000 1.000000000000 0
36 1.000000000000 1.000000000000 1.000000000000 0
37 0.878184214098 0.878184214098 0.878184214098 1
38 1.000000000000 1.000000000000 1.000000000000 0
39 0.953327103137 0.953327103137 0.953327103137 1
40 1.000000000000 1.000000000000 1.000000000000 0
41 1.000000000000 1.000000000000 1.000000000000 0
42 1.000000000000 1.000000000000 1.000000000000 0
43 1.000000000000 1.000000000000 1.000000000000 0
44 1.000000000000 1.000000000000 1.000000000000 0
45 1.000000000000 1.000000000000 1.000000000000 0
46 1.000000000000 1.000000000000 1.000000000000 0
47 1.000000000000 1.000000000000 1.000000000000 0
48 0.955144147853 0.955144147853 0.955144147853 1
49 1.000000000000 1.000000000000 1.000000000000 0
50 1.000000000000 1.000000000000 1.000000000000 0
51 1.000000000000 1.000000000000 1.000000000000 0
52 1.000000000000 1.000000000000 1.000000000000 0
53 1.000000000000 1.000000000000 1.000000000000 0
54 1.000000000000 1.000000000000 1.000000000000 0
55 1.000000000000 1.000000000000 1.000000000000 0
56 0.843697481946 0.843697481946 0.647435957614 3
57 1.000000000000 1.000000000000 1.000000000000 0
58 1.000000000000 1.000000000000 1.000000000000 0
59 1.000000000000 1.000000000000 1.000000000000 0
60 1.000000000000 1.000000000000 1.000000000000 0
61 1.000000000000 1.000000000000 1.000000000000 0
62 1.000000000000 1.000000000000 1.000000000000 0
63 1.000000000000 1.000000000000 1.000000000000 0
64 1.000000000000 1.000000000000 1.000000000000 0
65 0.933628427637 0.933628427637 0.876066705218 2
66 1.000000000000 1.000000000000 1.000000000000 0
67 0.990366351476 0.990366351476 0.990366351476 1
68 1.000000000000 1.000000000000 1.000000000000 0
69 1.000000000000 1.000000000000 1.000000000000 0
70 1.000000000000 1.000000000000 1.000000000000 0
71 1.000000000000 1.000000000000 1.000000000000 0
72 1.000000000000 1.000000000000 1.000000000000 0
73 1.000000000000 1.000000000000 1.000000000000 0
74 1.000000000000 1.000000000000 1.000000000000 0
75 1.000000000000 1.000000000000 1.000000000000 0
76 1.000000000000 1.000000000000 1.000000000000 0
77 1.000000000000 1.000000000000 1.000000000000 0
78 1.000000000000 1.000000000000 1.000000000000 0
79 1.000000000000 1.000000000000 1.000000000000 0
80 1.000000000000 1.000000000000 1.000000000000 0
81 1.000000000000 1.000000000000 1.000000000000 0
82 1.000000000000 1.000000000000 1.000000000000 0
83 1.000000000000 1.000000000000 1.000000000000 0
84 1.000000000000 1.000000000000 1.000000000000 0
85 1.000000000000 1.000000000000 1.000000000000 0
86 1.000000000000 1.000000000000 1.000000000000 0
87 1.000000000000 1.000000000000 1.000000000000 0
88 1.000000000000 1.000000000000 1.000000000000 0
89 1.000000000000 1.000000000000 1.000000000000 0
90 1.000000000000 1.000000000000 1.000000000000 0
91 1.000000000000 1.000000000000 1.000000000000 0
92 1.000000000000 1.000000000000 1.000000000000 0
93 1.000000000000 1.000000000000 1.000000000000 0
94 1.000000000000 1.000000000000 1.000000000000 0
95 1.000000000000 1.000000000000 1.000000000000 0
96 1.000000000000 1.000000000000 1.000000000000 0
97 1.000000000000 1.000000000000 1.000000000000 0
98 0.999733963783 0.999733963783 0.999733963783 1
99 1.000000000000 1.000000000000 1.000000000000 0
# truncated 10/100, F < F_bound - 1e-9 in 0, F < F_rigorous - 1e-9 in 0, min(F - F_bound) -2.220e-15
